              precision    recall  f1-score   support

           0       0.29      0.18      0.22       166
           1       0.19      0.28      0.23       208
           2       0.32      0.05      0.09       110
           3       0.38      0.19      0.25        75
           4       0.49      0.21      0.29       112
           5       0.39      0.42      0.40       177
           6       0.28      0.34      0.31       231
           7       0.31      0.49      0.38       170

    accuracy                           0.29      1249
   macro avg       0.33      0.27      0.27      1249
weighted avg       0.31      0.29      0.28      1249
